número de nós = 7
número de membros = 11
número de cargas = 6
número de restrições = 3

matriz de nós = 
[[0.    0.144 0.192 0.288 0.384 0.432 0.576]
 [0.    0.072 0.    0.144 0.    0.072 0.   ]]

matriz de rigidez = 
[[ 1.00000000e+00  0.00000000e+00  0.00000000e+00  0.00000000e+00
   0.00000000e+00  0.00000000e+00  0.00000000e+00  0.00000000e+00
   0.00000000e+00  0.00000000e+00  0.00000000e+00  0.00000000e+00
   0.00000000e+00  0.00000000e+00]
 [ 0.00000000e+00  1.00000000e+00  0.00000000e+00  0.00000000e+00
   0.00000000e+00  0.00000000e+00  0.00000000e+00  0.00000000e+00
   0.00000000e+00  0.00000000e+00  0.00000000e+00  0.00000000e+00
   0.00000000e+00  0.00000000e+00]
 [ 0.00000000e+00  0.00000000e+00  1.36825619e+09 -3.69714935e+07
  -3.60549794e+08  5.40824691e+08 -5.03853197e+08 -2.51926599e+08
   0.00000000e+00  0.00000000e+00  0.00000000e+00  0.00000000e+00
   0.00000000e+00  0.00000000e+00]
 [ 0.00000000e+00  0.00000000e+00 -3.69714935e+07  1.06316363e+09
   5.40824691e+08 -8.11237036e+08 -2.51926599e+08 -1.25963299e+08
   0.00000000e+00  0.00000000e+00  0.00000000e+00  0.00000000e+00
   0.00000000e+00  0.00000000e+00]
 [ 0.00000000e+00  0.00000000e+00 -3.60549794e+08  5.40824691e+08
   1.59705907e+09 -2.70412345e+08 -1.80274897e+08 -2.70412345e+08
  -5.28117188e+08  0.00000000e+00  0.00000000e+00  0.00000000e+00
   0.00000000e+00  0.00000000e+00]
 [ 0.00000000e+00  0.00000000e+00  5.40824691e+08 -8.11237036e+08
  -2.70412345e+08  1.21685555e+09 -2.70412345e+08 -4.05618518e+08
   0.00000000e+00  0.00000000e+00  0.00000000e+00  0.00000000e+00
   0.00000000e+00  0.00000000e+00]
 [ 0.00000000e+00  0.00000000e+00 -5.03853197e+08 -2.51926599e+08
  -1.80274897e+08 -2.70412345e+08  1.36825619e+09  5.96046448e-08
  -1.80274897e+08  2.70412345e+08 -5.03853197e+08  2.51926599e+08
   0.00000000e+00  0.00000000e+00]
 [ 0.00000000e+00  0.00000000e+00 -2.51926599e+08 -1.25963299e+08
  -2.70412345e+08 -4.05618518e+08  5.96046448e-08  1.06316363e+09
   2.70412345e+08 -4.05618518e+08  2.51926599e+08 -1.25963299e+08
   0.00000000e+00  0.00000000e+00]
 [ 0.00000000e+00  0.00000000e+00  0.00000000e+00  0.00000000e+00
  -5.28117188e+08  0.00000000e+00 -1.80274897e+08  2.70412345e+08
   1.59705907e+09  2.70412345e+08 -3.60549794e+08 -5.40824691e+08
  -5.28117188e+08  0.00000000e+00]
 [ 0.00000000e+00  0.00000000e+00  0.00000000e+00  0.00000000e+00
   0.00000000e+00  0.00000000e+00  2.70412345e+08 -4.05618518e+08
   2.70412345e+08  1.21685555e+09 -5.40824691e+08 -8.11237036e+08
   0.00000000e+00  0.00000000e+00]
 [ 0.00000000e+00  0.00000000e+00  0.00000000e+00  0.00000000e+00
   0.00000000e+00  0.00000000e+00 -5.03853197e+08  2.51926599e+08
  -3.60549794e+08 -5.40824691e+08  1.36825619e+09  3.69714935e+07
  -5.03853197e+08  0.00000000e+00]
 [ 0.00000000e+00  0.00000000e+00  0.00000000e+00  0.00000000e+00
   0.00000000e+00  0.00000000e+00  2.51926599e+08 -1.25963299e+08
  -5.40824691e+08 -8.11237036e+08  3.69714935e+07  1.06316363e+09
   2.51926599e+08  0.00000000e+00]
 [ 0.00000000e+00  0.00000000e+00  0.00000000e+00  0.00000000e+00
   0.00000000e+00  0.00000000e+00  0.00000000e+00  0.00000000e+00
  -5.28117188e+08  0.00000000e+00 -5.03853197e+08  2.51926599e+08
   1.03197038e+09  0.00000000e+00]
 [ 0.00000000e+00  0.00000000e+00  0.00000000e+00  0.00000000e+00
   0.00000000e+00  0.00000000e+00  0.00000000e+00  0.00000000e+00
   0.00000000e+00  0.00000000e+00  0.00000000e+00  0.00000000e+00
   0.00000000e+00  1.00000000e+00]]

vetor de carga = 
[[    0.]
 [    0.]
 [-1300.]
 [-1500.]
 [    0.]
 [    0.]
 [-1300.]
 [-1500.]
 [    0.]
 [    0.]
 [-1300.]
 [-1500.]
 [    0.]
 [    0.]]

deslocamentos (Numpy linalg solve) = 
[[ 0.00000000e+00]
 [ 0.00000000e+00]
 [ 1.00473774e-05]
 [-4.31173337e-05]
 [ 3.59768636e-06]
 [-4.66312908e-05]
 [ 2.59742559e-06]
 [-4.43927765e-05]
 [ 5.58588145e-06]
 [-4.63758828e-05]
 [-3.24272590e-06]
 [-4.24778497e-05]
 [ 1.16451427e-05]
 [ 0.00000000e+00]]

deslocamentos (método Gauss-Seidel) = 
(array([ 0.00000000e+00,  0.00000000e+00, -1.67906455e-06, -2.58707988e-06,
       -1.57372568e-08, -1.98300451e-06, -2.56089399e-06, -2.92077673e-06,
       -5.40428156e-07, -1.74200906e-06, -2.21272385e-06, -2.63695440e-06,
       -7.13177859e-07,  0.00000000e+00]), 0)
metodo 3 

[[ 0.00000000e+00]
 [ 0.00000000e+00]
 [ 1.00473774e-05]
 [-4.31173337e-05]
 [ 3.59768636e-06]
 [-4.66312908e-05]
 [ 2.59742559e-06]
 [-4.43927765e-05]
 [ 5.58588145e-06]
 [-4.63758828e-05]
 [-3.24272590e-06]
 [-4.24778497e-05]
 [ 1.16451427e-05]
 [ 0.00000000e+00]]

